+1  88
+1  657
+1  53
+1  262
+1  809
+1  113
+1  49
+1  173
+1  25
+1  66
+1  75
+1  30
+1  451
-1  2007
+1  32
+1  55
+1  801
+1  50
+1  53
+1  464
+1  941
+1  229
+1  95
+1  39
+1  117
+1  116
+1  1948
+1  368
+1  513
+1  41
+1  251
+1  6314
+1  26
+1  36
+1  757
+1  36
+1  136
+1  310
+1  863
+1  16
+1  68
+1  15
+1  641
+1  341
+1  511
+1  61
+1  36
+1  190
+1  156
+1  662
+1  68
+1  151
+1  26
+1  17
+1  133
+1  2186
+1  113
+1  82
+1  82
+1  155
+1  252
+1  29
+1  238
+1  21
+1  137
+1  83
+1  114
+1  57
+1  63
+1  1880
+1  79
+1  1848
+1  23
+1  72
+1  220
+1  231
+1  10
+1  16
+1  9
+1  67
+1  739
+1  122
+1  72
+1  22
-1  1227
+1  508
+1  129
+1  294
+1  18
+1  107
+1  2024
+1  45
+1  799
+1  172
+1  156
+1  425
+1  26
+1  571
+1  94
+1  167
    