+1  1336
+1  234
+1  764
+1  2004
+1  575
+1  141
+1  1583
+1  231
+1  1543
-1  1499
+1  2425
+1  436
+1  546
-1  10730
-1  2129
+1  822
+1  335
+1  635
+1  442
+1  1096
-1  504
-1  1096
+1  15527
+1  1036
+1  726
+1  660
-1  1449
+1  2417
+1  141
+1  769
+1  1567
+1  679
-1  1756
+1  14479
+1  2046
-1  979
+1  160
+1  314
+1  1776
+1  897
+1  730
-1  10575
-1  1202
+1  197
+1  521
+1  613
+1  618
+1  847
+1  498
-1  579
+1  17305
+1  88
+1  353
+1  190
+1  717
+1  514
+1  1990
+1  283
+1  2354
+1  113
+1  124
+1  355
+1  645
+1  270
+1  651
+1  615
-1  2575
+1  192
+1  829
+1  533
+1  474
+1  18391
+1  215
+1  1344
+1  868
+1  38
+1  816
+1  346
+1  1425
+1  5458
+1  150
+1  1303
+1  493
+1  463
+1  240
+1  753
+1  408
+1  286
+1  1326
-1  1974
+1  1164
+1  2280
+1  475
+1  363
+1  469
+1  761
+1  187
+1  108
+1  295
+1  229
