-1  398
-1  638
-1  120
-1  834
-1  538
-1  990
-1  155
-1  37
-1  793
-1  128
-1  31
-1  298
-1  79
-1  47
+1  1263
-1  499
-1  133
-1  24
-1  187
-1  1278
-1  56
-1  303
-1  33
-1  321
-1  605
-1  371
-1  490
-1  151
-1  40
-1  119
+1  1496
-1  1026
-1  82
-1  7
-1  50
-1  102
-1  1058
-1  397
-1  86
-1  67
-1  54
-1  665
-1  14
-1  35
-1  10
-1  1930
-1  44
-1  27
-1  107
-1  534
-1  173
-1  471
-1  301
-1  305
-1  72
-1  502
-1  447
-1  86
-1  1504
-1  116
-1  174
-1  103
-1  169
-1  75
-1  64
-1  370
-1  43
-1  778
-1  83
-1  1635
-1  2114
-1  81
-1  106
-1  360
-1  239
-1  359
-1  182
-1  48
-1  98
-1  40
-1  29
-1  8
-1  190
-1  267
-1  77
-1  519
-1  24
-1  21
-1  1180
-1  169
-1  68
-1  6
-1  1103
-1  16
-1  59
-1  76
-1  143
-1  47
-1  46
-1  296
    