-1  649
-1  1193
+1  1271
-1  891
+1  12436
-1  607
-1  551
+1  1309
-1  341
-1  356
+1  861
+1  2165
-1  248
-1  535
+1  18573
+1  817
-1  611
+1  510
+1  1770
-1  1204
+1  1368
-1  700
+1  743
+1  2085
-1  644
-1  505
-1  2657
-1  1687
+1  662
-1  6620
-1  1502
-1  422
-1  845
+1  490
-1  8908
+1  14742
+1  3427
-1  938
+1  1136
-1  128
+1  3971
-1  1341
-1  873
-1  947
-1  832
+1  9011
+1  7897
+1  14021
+1  2143
+1  282
+1  794
+1  1790
+1  519
+1  863
-1  976
+1  840
-1  1281
+1  224
-1  804
-1  619
-1  1075
+1  845
-1  764
-1  1032
+1  347
+1  1162
-1  910
-1  1238
+1  657
+1  131
+1  211
-1  602
+1  1135
-1  1785
-1  1332
-1  903
-1  377
-1  1721
+1  715
+1  1202
-1  5758
-1  487
-1  1530
+1  563
-1  1090
+1  429
-1  752
+1  488
-1  6574
+1  794
-1  677
-1  379
+1  886
-1  9904
+1  2887
-1  311
-1  1758
-1  2168
-1  302
+1  373   