+1  1525
+1  1481
-1  572
-1  1176
-1  5779
-1  16139
-1  198
-1  271
-1  144
-1  477
-1  392
-1  590
-1  1186
+1  5864
-1  372
-1  711
+1  1348
+1  1007
-1  795
-1  889
+1  1454 sus
-1  907 sus
-1  381 sus
-1  947 sus
+1  1082
-1  1100
-1  273
-1  449
-1  648
-1  147
-1  460
-1  665
-1  1233
-1  108
-1  426
-1  515
-1  999
-1  169
+1  2571
+1  2512
-1  357
-1  419
-1  207
-1  836
-1  601
+1  956
-1  431
-1  527
-1  840
-1  48
-1  261
-1  215
-1  444
-1  494
-1  1004
-1  94
-1  656
+1  1470
-1  566
+1  872
-1  1384
-1  1276
-1  563
-1  161
-1  527
-1  741
-1  903
+1  741
-1  1237
-1  129
-1  1275
-1  540
-1  1196
-1  133
-1  783
+1  1341
-1  1221
+1  272
-1  21763
-1  883
-1  277
-1  504
-1  231
-1  553
-1  503
-1  120
-1  879
-1  76
-1  71
+1  1293
+1  1224
-1  297
-1  131
-1  184
-1  52
-1  60
-1  502
-1  1310
-1  988
-1  6687  